timestamp,x,y,z
1734257575531,0.04642902,0.3941655,0.7615179
1734257575598,0.04656628,0.3949202,0.7592982
1734257575665,0.04639281,0.3949848,0.7578009
1734257575732,0.04816157,0.395754,0.7587314
1734257575765,0.04692028,0.3954429,0.7607092
1734257575832,0.04822914,0.3964908,0.7626199
1734257575866,0.04789431,0.3980322,0.7608241
1734257575932,0.04538759,0.3971907,0.761547
1734257575999,0.04546076,0.3670353,0.7692636
1734257576033,0.04608759,0.3332748,0.7724844
1734257576100,0.0574047,0.212389,0.7790281
1734257576167,0.05316021,0.06848711,0.7811435
1734257576234,0.05373648,0.1919985,0.7970125
1734257576267,0.05832836,0.2379206,0.7863914
1734257576334,0.05870514,0.3159649,0.780579
1734257576401,0.06017329,0.3482628,0.7881992
1734257576468,0.06530242,0.3426137,0.7858101
1734257576501,0.0670594,0.3201245,0.7850372
1734257576568,0.07447786,0.2332373,0.7902032
1734257576635,0.07509392,0.09502169,0.7830175
1734257576702,0.08017047,0.1510214,0.7866495
1734257576769,0.08231162,0.2434068,0.7861534
1734257576802,0.08042806,0.276037,0.7859593
1734257576869,0.08154097,0.3053523,0.7841616
1734257576936,0.0822627,0.2963825,0.7800133
1734257576969,0.08121478,0.2763487,0.7778062
1734257577036,0.08408654,0.1878273,0.7779721
1734257577103,0.08289313,0.0714016,0.7680752
1734257577170,0.08407938,0.170753,0.7644044
1734257577237,0.08238035,0.2386152,0.762256
1734257577270,0.08163108,0.2608129,0.7502398
1734257577337,0.07779254,0.2722068,0.7431538
1734257577404,0.07756713,0.235013,0.744872
1734257577471,0.07514521,0.144169,0.7300894
1734257577505,0.07375702,0.08426648,0.7309725
1734257577571,0.0721351,0.1414962,0.7256694
1734257577605,0.06835586,0.1808054,0.7215154
1734257577672,0.06648076,0.2307452,0.7197056
1734257577739,0.0627284,0.2396631,0.7083765
1734257577806,0.05897338,0.2072147,0.7032189
1734257577839,0.0569836,0.1705886,0.6992473
1734257577906,0.04970958,0.07081524,0.6978467
1734257577973,0.05105406,0.1475859,0.6980274
1734257578006,0.04907398,0.181419,0.6957456
1734257578073,0.04659696,0.217571,0.6964633
1734257578107,0.0444456,0.2178801,0.6985191
1734257578174,0.04093873,0.1900648,0.6980388
1734257578240,0.03602036,0.1115099,0.6948734
1734257578274,0.03309089,0.06887296,0.6999058
1734257578341,0.03300663,0.1473675,0.6989009
1734257578374,0.03133055,0.174274,0.707452
1734257578441,0.02699519,0.1992821,0.7113017
1734257578508,0.02490373,0.1830781,0.7172413
1734257578575,0.02003283,0.115219,0.7250407
1734257578642,0.01809514,0.09982352,0.7297131
1734257578675,0.01936342,0.1347688,0.7367892
1734257578742,0.01608775,0.1803417,0.7356226
1734257578809,0.01182565,0.1805637,0.742624
1734257578843,0.01093192,0.1656259,0.7421921
1734257578910,0.007717767,0.09439198,0.7509966
1734257578976,0.004032121,0.1113215,0.7565786
1734257579010,0.008182022,0.1432932,0.7586676
1734257579077,0.005045877,0.1702704,0.7562059
1734257579144,0.003498806,0.1605145,0.7530262
1734257579210,0.001070342,0.09912711,0.7614071
1734257579277,0.001162943,0.1045176,0.7622128
1734257579311,0.005593924,0.1330253,0.7652249
1734257579378,0.003473314,0.1595222,0.7565613
1734257579445,0.006266249,0.1474184,0.7548759
1734257579478,0.007259254,0.1207016,0.7566836
1734257579545,0.007938529,0.07669251,0.7540599
1734257579612,0.0130916,0.135034,0.7456434
1734257579679,0.01316826,0.150064,0.7412691
1734257579746,0.01710249,0.1241263,0.7370108
1734257579779,0.01874699,0.09040945,0.7371588
1734257579846,0.02142716,0.1019626,0.7347271
1734257579913,0.02687058,0.138639,0.7259042
1734257579980,0.02870773,0.1347371,0.7202568
1734257580013,0.03002556,0.1147943,0.7197115
1734257580080,0.03036749,0.07499468,0.7133068
1734257580147,0.03566238,0.1243345,0.7101065
1734257580214,0.03748497,0.1332368,0.7055791
1734257580281,0.03718484,0.09968045,0.7032138
1734257580314,0.03743099,0.06729932,0.7008058
1734257580381,0.03857305,0.1131859,0.6980641
1734257580448,0.03931289,0.127766,0.6948137
1734257580515,0.03579321,0.1003141,0.6935235
1734257580582,0.03568019,0.08725622,0.6926657
1734257580649,0.03617091,0.1194713,0.6910996
1734257580716,0.03493626,0.1113818,0.6916698
1734257580783,0.03203978,0.06547992,0.6954486
1734257580850,0.02926571,0.1068297,0.6968626
1734257580883,0.0290847,0.11558,0.6960949
1734257580950,0.02342938,0.09935164,0.7000104
1734257581017,0.01962157,0.07681926,0.7036219
1734257581084,0.01727896,0.1100292,0.7016401
1734257581151,0.0135421,0.09947954,0.7065723
1734257581217,0.007883306,0.07365493,0.7082189
1734257581284,0.008569791,0.1041377,0.7052631
1734257581351,0.004402822,0.09735516,0.7085975
1734257581385,0.001433177,0.07321525,0.7083906
1734257581452,0.0009035468,0.09484331,0.7081437
1734257581518,-0.0008970085,0.1003681,0.709188
1734257581585,-0.003279504,0.06584325,0.7117355
1734257581652,-0.002131175,0.09536005,0.7095289
1734257581719,-0.00195424,0.09341771,0.7107862
1734257581786,-0.002826523,0.0706194,0.7122961
1734257581853,0.001295386,0.09682186,0.7082339
1734257581920,0.001243038,0.07574672,0.7106712
1734257581987,0.00412077,0.08410237,0.7085556
1734257582054,0.008474255,0.09119178,0.7073378
1734257582121,0.009226873,0.06881598,0.7036411
1734257582187,0.01183181,0.09099951,0.7014649
1734257582254,0.01382475,0.07142301,0.7006296
1734257582321,0.01756145,0.08252345,0.6979488
1734257582388,0.02049749,0.0802488,0.69796
1734257582455,0.02344504,0.07726236,0.6948439
1734257582522,0.02629011,0.08320785,0.6912152
1734257582589,0.02692581,0.07085857,0.6890011
1734257582656,0.0307334,0.08197666,0.6882466
1734257582723,0.03199183,0.0650506,0.6857791
1734257582790,0.03375319,0.07884714,0.6841829
1734257582857,0.03533864,0.06731401,0.68397
1734257582923,0.03655466,0.07704411,0.6839283
1734257582990,0.03862196,0.06976756,0.6829402
1734257583057,0.0393537,0.07332426,0.6825481
1734257583124,0.03952198,0.07284558,0.6819837
1734257583191,0.03830404,0.06792705,0.6821616
1734257583258,0.03680764,0.07325305,0.6839147
1734257583325,0.03522335,0.06637156,0.6839825
1734257583392,0.03308981,0.06825656,0.6860451
1734257583459,0.03089912,0.07172969,0.6883045
1734257583525,0.02719614,0.06519586,0.6918786
1734257583592,0.02276159,0.06301391,0.6941817
1734257583693,0.01710442,0.06302984,0.6994319
1734257583760,0.01486137,0.06269296,0.7001044
1734257583826,0.01256763,0.06564113,0.6993297
1734257583893,0.008841139,0.06675649,0.7009637
1734257583960,0.007396566,0.06622685,0.70158
1734257584027,0.0043747,0.06632762,0.7027985
1734257584094,0.001534061,0.06445582,0.7040529
1734257584161,-0.0001548412,0.06257692,0.7039109
1734257584228,-0.00291529,0.06402193,0.7028013
1734257584295,-0.004078746,0.06272574,0.7013339
1734257584362,-0.003011119,0.06267093,0.7008371
1734257584429,-0.003953408,0.0615098,0.6997271
1734257584529,-0.001293632,0.060938,0.6984463
1734257584596,0.0002607889,0.06034245,0.6963112
1734257584663,0.001803054,0.06070536,0.6944911
1734257584730,0.004946767,0.05953604,0.6928775
1734257584797,0.007671312,0.05960537,0.6910809
1734257584863,0.01049973,0.05902177,0.6871207
1734257584930,0.0134345,0.05871768,0.685607
1734257584997,0.01669278,0.05826744,0.6831224
1734257585064,0.01786,0.05852914,0.6807071
1734257585131,0.02499992,0.05895133,0.6779698
1734257585231,0.02634892,0.05874632,0.6739451
1734257585298,0.03064906,0.05891892,0.6720365
1734257585365,0.0305069,0.05943015,0.6713483
1734257585432,0.03084328,0.05901316,0.6708214
1734257585499,0.03071814,0.05968364,0.670676
1734257585566,0.03053796,0.05934381,0.6706262
1734257585633,0.02608778,0.06013645,0.6721116
1734257585700,0.02485643,0.06091882,0.6736376
1734257585767,0.02491883,0.06056839,0.676262
