timestamp,x,y,z
33.5799992494285,0.04642903,0.3941655,0.7615179
33.5999992489815,0.04642905,0.3902415,0.7615179
33.6199992485344,0.04642905,0.3823935,0.7615179
33.6399992480874,0.04642905,0.3706215,0.7615179
33.6599992476404,0.04642905,0.3549255,0.7615179
33.6799992471933,0.04642905,0.3353055,0.7615179
33.6999992467463,0.04642905,0.3117615,0.7615179
33.7199992462993,0.04642905,0.2842935,0.7615179
33.7399992458522,0.04642905,0.2529015,0.7615179
33.7599992454052,0.04642905,0.2175855,0.7615179
33.7799992449582,0.04642905,0.1783455,0.7615179
33.7999992445111,0.04642905,0.1351815,0.7615179
33.8199992440641,0.04642905,0.08809352,0.7615179
33.8399992436171,0.04642945,0.1314537,0.7615185
33.85999924317,0.04642985,0.1708899,0.7615191
33.879999242723,0.04643026,0.2064021,0.7615197
33.899999242276,0.04643066,0.2379903,0.7615203
33.9199992418289,0.04643106,0.2656545,0.7615209
33.9399992413819,0.04643147,0.2893947,0.7615215
33.9599992409348,0.04643187,0.3092109,0.7615221
33.9799992404878,0.04643227,0.3251031,0.7615227
33.9999992400408,0.04643267,0.3370713,0.7615232
34.0199992395937,0.04643307,0.3451155,0.7615238
34.0399992391467,0.04643347,0.3492357,0.7615244
34.0599992386997,0.04643388,0.3494319,0.761525
34.0799992382526,0.04643428,0.3457041,0.7615256
34.0999992378056,0.04643468,0.3380523,0.7615263
34.1199992373586,0.04643508,0.3264765,0.7615268
34.1399992369115,0.04643549,0.3109767,0.7615274
34.1599992364645,0.04643589,0.2915529,0.761528
34.1799992360175,0.04643629,0.2682051,0.7615286
34.1999992355704,0.0464367,0.2409333,0.7615292
34.2199992351234,0.0464371,0.2097375,0.7615298
34.2399992346764,0.0464375,0.1746177,0.7615304
34.2599992342293,0.0464379,0.1355739,0.761531
34.2799992337823,0.0464383,0.09260607,0.7615317
34.2999992333353,0.04643871,0.04571429,0.7615322
34.3199992328882,0.046439,0.08890772,0.7615327
34.3399992324412,0.04643928,0.1281772,0.7615331
34.3599992319942,0.04643956,0.1635226,0.7615336
34.3799992315471,0.04643984,0.194944,0.7615341
34.3999992311001,0.04644012,0.2224414,0.7615346
34.419999230653,0.04644041,0.2460148,0.761535
34.439999230206,0.04644069,0.2656643,0.7615355
34.459999229759,0.04644097,0.2813897,0.761536
34.4799992293119,0.04644126,0.2931911,0.7615365
34.4999992288649,0.04644154,0.3010686,0.761537
34.5199992284179,0.04644183,0.305022,0.7615374
34.5399992279708,0.04644211,0.3050514,0.7615379
34.5599992275238,0.04644239,0.3011568,0.7615384
34.5799992270768,0.04644267,0.2933383,0.7615389
34.5999992266297,0.04644296,0.2815957,0.7615393
34.6199992261827,0.04644324,0.2659291,0.7615398
34.6399992257357,0.04644352,0.2463386,0.7615403
34.6599992252886,0.04644381,0.222824,0.7615408
34.6799992248416,0.04644409,0.1953854,0.7615412
34.6999992243946,0.04644437,0.1640229,0.7615417
34.7199992239475,0.04644466,0.1287363,0.7615422
34.7399992235005,0.04644494,0.08952571,0.7615427
34.7599992230535,0.04644548,0.1261901,0.7615435
34.7799992226064,0.04644603,0.1589305,0.7615442
34.7999992221594,0.04644656,0.1877469,0.7615451
34.8199992217124,0.0464471,0.2126392,0.7615458
34.8399992212653,0.04644764,0.2336076,0.7615466
34.8599992208183,0.04644818,0.250652,0.7615474
34.8799992203712,0.04644872,0.2637724,0.7615482
34.8999992199242,0.04644927,0.2729687,0.7615489
34.9199992194772,0.04644981,0.2782411,0.7615497
34.9399992190301,0.04645034,0.2795895,0.7615504
34.9599992185831,0.04645088,0.2770139,0.7615513
34.9799992181361,0.04645142,0.2705143,0.761552
34.999999217689,0.04645196,0.2600906,0.7615528
35.019999217242,0.0464525,0.245743,0.7615535
35.039999216795,0.04645305,0.2274714,0.7615544
35.0599992163479,0.04645358,0.2052758,0.7615551
35.0799992159009,0.04645412,0.1791562,0.7615559
35.0999992154539,0.04645466,0.1491125,0.7615566
35.1199992150068,0.0464552,0.1151449,0.7615575
35.1399992145598,0.04645574,0.07725331,0.7615582
35.1599992141128,0.04645654,0.1127966,0.7615594
35.1799992136657,0.04645734,0.1444159,0.7615605
35.1999992132187,0.04645814,0.1721111,0.7615616
35.2199992127717,0.04645893,0.1958824,0.7615627
35.2399992123246,0.04645973,0.2157297,0.7615638
35.2599992118776,0.04646053,0.2316529,0.761565
35.2799992114305,0.04646133,0.2436522,0.7615662
35.2999992109835,0.04646212,0.2517275,0.7615672
35.3199992105365,0.04646292,0.2558788,0.7615684
35.3399992100894,0.04646372,0.256106,0.7615695
35.3599992096424,0.04646451,0.2524093,0.7615706
35.3799992091954,0.04646531,0.2447886,0.7615718
35.3999992087483,0.04646611,0.2332439,0.761573
35.4199992083013,0.04646691,0.2177751,0.7615741
35.4399992078543,0.0464677,0.1983824,0.7615752
35.4599992074072,0.0464685,0.1750657,0.7615763
35.4799992069602,0.0464693,0.1478249,0.7615774
35.4999992065132,0.04647009,0.1166602,0.7615786
35.5199992060661,0.04647089,0.08157149,0.7615798
35.5399992056191,0.0464718,0.07386044,0.761581
35.5599992051721,0.04647275,0.0723182,0.7615824
35.579999204725,0.04647371,0.07200977,0.7615838
35.599999204278,0.0464747,0.07194808,0.7615852
35.619999203831,0.0464757,0.07193573,0.7615866
35.6399992033839,0.04647671,0.07193327,0.7615881
35.6599992029369,0.04647775,0.07193278,0.7615896
35.6799992024899,0.0464788,0.07193269,0.7615911
35.6999992020428,0.04647985,0.07193266,0.7615925
35.7199992015958,0.04648093,0.07193266,0.7615941
35.7399992011487,0.04648203,0.07193266,0.7615956
35.7599992007017,0.04648313,0.07193266,0.7615972
35.7799992002547,0.04648313,0.07193266,0.7615972
35.7999991998076,0.04648313,0.07193266,0.7615972
35.8199991993606,0.04648313,0.07193266,0.7615972
35.8399991989136,0.04648313,0.07193266,0.7615972
35.8599991984665,0.04648313,0.07193266,0.7615972
35.8799991980195,0.04648313,0.07193266,0.7615972
35.8999991975725,0.04648313,0.07193266,0.7615972
35.9199991971254,0.04648313,0.07193266,0.7615972
35.9399991966784,0.04648313,0.07193266,0.7615972
35.9599991962314,0.04648313,0.07193266,0.7615972
35.9799991957843,0.04648313,0.07193266,0.7615972
35.9999991953373,0.04648313,0.07193266,0.7615972
36.0199991948903,0.04648313,0.07193266,0.7615972
36.0399991944432,0.04648313,0.07193266,0.7615972
36.0599991939962,0.04648313,0.07193266,0.7615972
36.0799991935492,0.04648313,0.07193266,0.7615972
36.0999991931021,0.04648313,0.07193266,0.7615972
36.1199991926551,0.04648313,0.07193266,0.7615972
36.1399991922081,0.04648313,0.07193266,0.7615972
36.159999191761,0.04648313,0.07193266,0.7615972
36.179999191314,0.04648313,0.07193266,0.7615972
36.1999991908669,0.04648313,0.07193266,0.7615972
36.2199991904199,0.04648313,0.07193266,0.7615972
36.2399991899729,0.04648313,0.07193266,0.7615972
36.2599991895258,0.04648313,0.07193266,0.7615972
