timestamp,x,y,z
40.9799990840256,0.04642903,0.3941655,0.7615179
40.9999990835786,0.04642905,0.3902415,0.7615179
41.0199990831316,0.04642905,0.3823935,0.7615179
41.0399990826845,0.04642905,0.3706215,0.7615179
41.0599990822375,0.04642905,0.3549255,0.7615179
41.0799990817904,0.04642905,0.3353055,0.7615179
41.0999990813434,0.04642905,0.3117615,0.7615179
41.1199990808964,0.04642905,0.2842935,0.7615179
41.1399990804493,0.04642905,0.2529015,0.7615179
41.1599990800023,0.04642905,0.2175855,0.7615179
41.1799990795553,0.04642905,0.1783455,0.7615179
41.1999990791082,0.04642905,0.1351815,0.7615179
41.2199990786612,0.04642905,0.08809352,0.7615179
41.2399990782142,0.04642945,0.1340043,0.7615185
41.2599990777671,0.04642985,0.1759911,0.7615191
41.2799990773201,0.04643026,0.2140539,0.7615197
41.2999990768731,0.04643066,0.2481927,0.7615203
41.319999076426,0.04643106,0.2784075,0.7615209
41.339999075979,0.04643147,0.3046983,0.7615215
41.359999075532,0.04643187,0.3270651,0.7615221
41.3799990750849,0.04643227,0.3455079,0.7615227
41.3999990746379,0.04643267,0.3600267,0.7615232
41.4199990741909,0.04643307,0.3706216,0.7615238
41.4399990737438,0.04643347,0.3772924,0.7615244
41.4599990732968,0.04643388,0.3800392,0.761525
41.4799990728498,0.04643428,0.378862,0.7615256
41.4999990724027,0.04643468,0.3737608,0.7615262
41.5199990719557,0.04643508,0.3647356,0.7615268
41.5399990715086,0.04643549,0.3517864,0.7615274
41.5599990710616,0.04643589,0.3349132,0.761528
41.5799990706146,0.04643629,0.314116,0.7615286
41.5999990701675,0.0464367,0.2893948,0.7615292
41.6199990697205,0.0464371,0.2607496,0.7615299
41.6399990692735,0.0464375,0.2281804,0.7615304
41.6599990688264,0.0464379,0.1916872,0.761531
41.6799990683794,0.0464383,0.15127,0.7615317
41.6999990679324,0.04643871,0.1069288,0.7615322
41.7199990674853,0.04643911,0.05866362,0.7615328
41.7399990670383,0.0464395,0.1056339,0.7615334
41.7599990665913,0.04643988,0.1486802,0.761534
41.7799990661442,0.04644026,0.1878024,0.7615346
41.7999990656972,0.04644065,0.2230007,0.7615352
41.8199990652502,0.04644103,0.254275,0.7615358
41.8399990648031,0.04644141,0.2816253,0.7615364
41.8599990643561,0.0464418,0.3050515,0.761537
41.8799990639091,0.04644218,0.3245538,0.7615376
41.899999063462,0.04644256,0.3401321,0.7615381
41.919999063015,0.04644295,0.3517864,0.7615387
41.9399990625679,0.04644333,0.3595167,0.7615393
41.9599990621209,0.04644372,0.3633229,0.7615399
41.9799990616739,0.0464441,0.3632052,0.7615405
41.9999990612268,0.04644448,0.3591635,0.7615411
42.0199990607798,0.04644487,0.3511977,0.7615417
42.0399990603328,0.04644525,0.339308,0.7615424
42.0599990598857,0.04644563,0.3234943,0.7615429
42.0799990594387,0.04644602,0.3037566,0.7615435
42.0999990589917,0.0464464,0.2800949,0.7615441
42.1199990585446,0.04644679,0.2525091,0.7615447
42.1399990580976,0.04644717,0.2209994,0.7615453
42.1599990576506,0.04644755,0.1855657,0.7615459
42.1799990572035,0.04644794,0.146208,0.7615465
42.1999990567565,0.04644832,0.1029263,0.7615471
42.2199990563095,0.0464487,0.05572055,0.7615477
42.2399990558624,0.04644905,0.1017373,0.7615482
42.2599990554154,0.0464494,0.1438301,0.7615486
42.2799990549684,0.04644975,0.1819988,0.7615491
42.2999990545213,0.04645009,0.2162436,0.7615496
42.3199990540743,0.04645044,0.2465643,0.7615501
42.3399990536273,0.04645079,0.2729611,0.7615505
42.3599990531802,0.04645114,0.2954338,0.761551
42.3799990527332,0.04645148,0.3139826,0.7615515
42.3999990522861,0.04645183,0.3286074,0.761552
42.4199990518391,0.04645217,0.3393081,0.7615525
42.4399990513921,0.04645252,0.3460849,0.7615529
42.459999050945,0.04645287,0.3489376,0.7615534
42.479999050498,0.04645321,0.3478664,0.7615539
42.499999050051,0.04645356,0.3428711,0.7615544
42.5199990496039,0.0464539,0.3339519,0.7615548
42.5399990491569,0.04645425,0.3211086,0.7615553
42.5599990487099,0.0464546,0.3043414,0.7615558
42.5799990482628,0.04645495,0.2836502,0.7615563
42.5999990478158,0.04645529,0.2590349,0.7615567
42.6199990473688,0.04645564,0.2304957,0.7615572
42.6399990469217,0.04645598,0.1980324,0.7615577
42.6599990464747,0.04645633,0.1616452,0.7615582
42.6799990460277,0.04645668,0.1213339,0.7615587
42.6999990455806,0.04645702,0.07709868,0.7615591
42.7199990451336,0.04645783,0.120442,0.7615604
42.7399990446866,0.04645865,0.1598613,0.7615615
42.7599990442395,0.04645946,0.1953566,0.7615628
42.7799990437925,0.04646027,0.2269279,0.7615639
42.7999990433455,0.04646108,0.2545752,0.7615651
42.8199990428984,0.0464619,0.2782985,0.7615663
42.8399990424514,0.04646271,0.2980978,0.7615675
42.8599990420043,0.04646352,0.3139732,0.7615687
42.8799990415573,0.04646433,0.3259245,0.7615699
42.8999990411103,0.04646514,0.3339518,0.761571
42.9199990406632,0.04646596,0.3380551,0.7615722
42.9399990402162,0.04646677,0.3382344,0.7615734
42.9599990397692,0.04646758,0.3344897,0.7615746
42.9799990393221,0.04646839,0.326821,0.7615758
42.9999990388751,0.0464692,0.3152283,0.761577
43.0199990384281,0.04647002,0.2997116,0.7615782
43.039999037981,0.04647083,0.2802709,0.7615794
43.059999037534,0.04647164,0.2569062,0.7615806
43.079999037087,0.04647245,0.2296176,0.7615818
43.0999990366399,0.04647326,0.1984049,0.761583
43.1199990361929,0.04647408,0.1632682,0.7615842
43.1399990357459,0.04647489,0.1242075,0.7615854
43.1599990352988,0.0464757,0.08122279,0.7615865
43.1799990348518,0.04647687,0.1234406,0.7615883
43.1999990344048,0.04647802,0.1617344,0.7615899
43.2199990339577,0.04647918,0.1961043,0.7615916
43.2399990335107,0.04648034,0.2265501,0.7615932
43.2599990330637,0.0464815,0.2530719,0.7615949
43.2799990326166,0.04648266,0.2756697,0.7615966
43.2999990321696,0.04648381,0.2943435,0.7615982
43.3199990317225,0.04648497,0.3090934,0.7615999
43.3399990312755,0.04648613,0.3199192,0.7616016
43.3599990308285,0.04648729,0.326821,0.7616032
43.3799990303814,0.04648845,0.3297988,0.7616049
43.3999990299344,0.04648961,0.3288526,0.7616066
43.4199990294874,0.04649077,0.3239824,0.7616082
43.4399990290403,0.04649193,0.3151883,0.7616099
43.4599990285933,0.04649308,0.3024701,0.7616116
43.4799990281463,0.04649425,0.2858279,0.7616132
43.4999990276992,0.0464954,0.2652617,0.7616149
43.5199990272522,0.04649656,0.2407716,0.7616166
43.5399990268052,0.04649772,0.2123574,0.7616183
43.5599990263581,0.04649888,0.1800192,0.7616199
43.5799990259111,0.04650003,0.143757,0.7616216
43.5999990254641,0.04650119,0.1035708,0.7616233
43.619999025017,0.04650235,0.05946065,0.7616249
43.63999902457,0.0465031,0.1026914,0.7616261
43.659999024123,0.04650383,0.1419982,0.7616272
43.6799990236759,0.04650456,0.1773809,0.7616283
43.6999990232289,0.04650529,0.2088397,0.7616293
43.7199990227818,0.04650603,0.2363744,0.7616304
43.7399990223348,0.04650676,0.2599852,0.7616315
43.7599990218878,0.0465075,0.279672,0.7616326
43.7799990214407,0.04650823,0.2954347,0.7616336
43.7999990209937,0.04650896,0.3072735,0.7616347
43.8199990205467,0.0465097,0.3151882,0.7616358
43.8399990200996,0.04651043,0.319179,0.7616368
43.8599990196526,0.04651117,0.3192458,0.7616379
43.8799990192056,0.0465119,0.3153885,0.761639
43.8999990187585,0.04651263,0.3076073,0.7616401
43.9199990183115,0.04651337,0.295902,0.7616411
43.9399990178645,0.0465141,0.2802728,0.7616422
43.9599990174174,0.04651484,0.2607195,0.7616433
43.9799990169704,0.04651557,0.2372423,0.7616444
43.9999990165234,0.0465163,0.2098411,0.7616454
44.0199990160763,0.04651704,0.1785158,0.7616465
44.0399990156293,0.04651777,0.1432666,0.7616476
44.0599990151823,0.0465185,0.1040933,0.7616486
44.0799990147352,0.04651924,0.06099609,0.7616497
44.0999990142882,0.04652018,0.1033152,0.7616512
44.1199990138412,0.04652112,0.1417103,0.7616526
44.1399990133941,0.04652205,0.1761815,0.761654
44.1599990129471,0.04652299,0.2067286,0.7616554
44.1799990125,0.04652393,0.2333517,0.7616569
44.199999012053,0.04652487,0.2560508,0.7616583
44.219999011606,0.04652581,0.2748259,0.7616597
44.2399990111589,0.04652675,0.2896771,0.7616611
44.2599990107119,0.04652769,0.3006042,0.7616625
44.2799990102649,0.04652863,0.3076073,0.761664
44.2999990098178,0.04652957,0.3106864,0.7616654
44.3199990093708,0.0465305,0.3098415,0.7616669
44.3399990089238,0.04653144,0.3050726,0.7616683
44.3599990084767,0.04653238,0.2963797,0.7616698
44.3799990080297,0.04653332,0.2837629,0.7616712
44.3999990075827,0.04653426,0.267222,0.7616726
44.4199990071356,0.0465352,0.2467571,0.761674
44.4399990066886,0.04653614,0.2223682,0.7616754
44.4599990062416,0.04653708,0.1940553,0.7616769
44.4799990057945,0.04653801,0.1618185,0.7616783
44.4999990053475,0.04653895,0.1256576,0.7616797
44.5199990049005,0.04653989,0.08557272,0.7616812
44.5399990044534,0.0465414,0.1251807,0.7616835
44.5599990040064,0.04654291,0.1608647,0.7616857
44.5799990035594,0.04654441,0.1926247,0.7616881
44.5999990031123,0.04654591,0.2204606,0.7616904
44.6199990026653,0.04654742,0.2443726,0.7616928
44.6399990022182,0.04654892,0.2643606,0.761695
44.6599990017712,0.04655043,0.2804246,0.7616974
44.6799990013242,0.04655193,0.2925646,0.7616997
44.6999990008771,0.04655344,0.3007806,0.7617021
44.7199990004301,0.04655494,0.3050725,0.7617043
44.7399989999831,0.04655645,0.3054405,0.7617067
44.759998999536,0.04655796,0.3018845,0.761709
44.779998999089,0.04655946,0.2944045,0.7617114
44.799998998642,0.04656096,0.2830005,0.7617136
44.8199989981949,0.04656247,0.2676725,0.761716
44.8399989977479,0.04656398,0.2484205,0.7617183
44.8599989973009,0.04656548,0.2252444,0.7617207
44.8799989968538,0.04656698,0.1981444,0.7617229
44.8999989964068,0.04656849,0.1671204,0.7617253
44.9199989959598,0.04656999,0.1321724,0.7617276
44.9399989955127,0.0465715,0.0933004,0.76173
44.9599989950657,0.046573,0.05050439,0.7617322
44.9799989946187,0.04657318,0.09255239,0.7617325
44.9999989941716,0.04657334,0.1306764,0.7617327
45.0199989937246,0.0465735,0.1648764,0.7617328
45.0399989932775,0.04657367,0.1951524,0.761733
45.0599989928305,0.04657384,0.2215044,0.7617332
45.0799989923835,0.046574,0.2439324,0.7617334
45.0999989919364,0.04657416,0.2624364,0.7617335
45.1199989914894,0.04657433,0.2770165,0.7617338
45.1399989910424,0.04657449,0.2876725,0.7617339
45.1599989905953,0.04657465,0.2944045,0.7617341
45.1799989901483,0.04657482,0.2972125,0.7617342
45.1999989897013,0.04657498,0.2960965,0.7617345
45.2199989892542,0.04657514,0.2910565,0.7617346
45.2399989888072,0.04657531,0.2820925,0.7617348
45.2599989883602,0.04657547,0.2692045,0.761735
45.2799989879131,0.04657564,0.2523925,0.7617351
45.2999989874661,0.0465758,0.2316565,0.7617353
45.3199989870191,0.04657596,0.2069965,0.7617356
45.339998986572,0.04657613,0.1784126,0.7617357
45.359998986125,0.04657629,0.1459046,0.7617359
45.379998985678,0.04657646,0.1094726,0.761736
45.3999989852309,0.04657662,0.06911659,0.7617363
45.4199989847839,0.04657717,0.1089686,0.7617371
45.4399989843369,0.04657771,0.1448966,0.7617381
45.4599989838898,0.04657825,0.1769006,0.7617389
45.4799989834428,0.04657879,0.2049806,0.7617399
45.4999989829957,0.04657934,0.2291366,0.7617407
45.5199989825487,0.04657989,0.2493686,0.7617416
45.5399989821017,0.04658043,0.2656766,0.7617425
45.5599989816546,0.04658097,0.2780606,0.7617434
45.5799989812076,0.04658151,0.2865205,0.7617443
45.5999989807606,0.04658206,0.2910565,0.7617452
45.6199989803135,0.0465826,0.2916685,0.761746
45.6399989798665,0.04658315,0.2883565,0.761747
45.6599989794195,0.04658369,0.2811205,0.7617478
45.6799989789724,0.04658423,0.2699605,0.7617488
45.6999989785254,0.04658478,0.2548765,0.7617496
45.7199989780784,0.04658532,0.2358685,0.7617506
45.7399989776313,0.04658587,0.2129365,0.7617514
45.7599989771843,0.04658641,0.1860805,0.7617524
45.7799989767373,0.04658696,0.1553005,0.7617532
45.7999989762902,0.0465875,0.1205965,0.7617542
45.8199989758432,0.04658804,0.08196846,0.761755
45.8399989753962,0.04658893,0.1202653,0.7617563
45.8599989749491,0.04658981,0.1546381,0.7617577
45.8799989745021,0.0465907,0.1850869,0.7617589
45.8999989740551,0.04659159,0.2116117,0.7617602
45.919998973608,0.04659247,0.2342125,0.7617615
45.939998973161,0.04659336,0.2528893,0.7617629
45.9599989727139,0.04659425,0.2676421,0.7617642
45.9799989722669,0.04659513,0.2784709,0.7617655
45.9999989718199,0.04659602,0.2853757,0.7617668
46.0199989713728,0.04659691,0.2883565,0.7617681
46.0399989709258,0.04659779,0.2874133,0.7617694
46.0599989704788,0.04659868,0.2825461,0.7617708
46.0799989700317,0.04659957,0.273755,0.761772
46.0999989695847,0.04660045,0.2610398,0.7617733
46.1199989691377,0.04660134,0.2444006,0.7617747
46.1399989686906,0.04660223,0.2238374,0.761776
46.1599989682436,0.04660311,0.1993502,0.7617773
46.1799989677966,0.046604,0.170939,0.7617786
46.1999989673495,0.04660489,0.1386038,0.7617799
46.2199989669025,0.04660577,0.1023446,0.7617812
46.2399989664555,0.04660666,0.06216143,0.7617826
46.2599989660084,0.04660742,0.1018579,0.7617837
46.2799989655614,0.04660818,0.1376304,0.7617848
46.2999989651144,0.04660894,0.1694788,0.761786
46.3199989646673,0.04660969,0.1974033,0.7617871
46.3399989642203,0.04661044,0.2214037,0.7617882
46.3599989637733,0.0466112,0.2414802,0.7617893
46.3799989633262,0.04661196,0.2576327,0.7617905
46.3999989628792,0.04661272,0.2698611,0.7617916
46.4199989624321,0.04661347,0.2781656,0.7617928
46.4399989619851,0.04661423,0.282546,0.7617939
46.4599989615381,0.04661499,0.2830025,0.761795
46.479998961091,0.04661574,0.279535,0.7617961
46.499998960644,0.0466165,0.2721434,0.7617972
46.519998960197,0.04661725,0.2608279,0.7617984
46.5399989597499,0.04661801,0.2455884,0.7617996
46.5599989593029,0.04661877,0.2264248,0.7618006
46.5799989588559,0.04661952,0.2033373,0.7618018
46.5999989584088,0.04662028,0.1763258,0.7618029
46.6199989579618,0.04662103,0.1453902,0.7618041
46.6399989575148,0.04662179,0.1105307,0.7618052
46.6599989570677,0.04662255,0.07174715,0.7618064
46.6799989566207,0.0466237,0.110184,0.761808
46.6999989561737,0.04662486,0.1446967,0.7618097
46.7199989557266,0.04662601,0.1752855,0.7618114
46.7399989552796,0.04662717,0.2019503,0.761813
46.7599989548326,0.04662832,0.2246911,0.7618147
46.7799989543855,0.04662947,0.2435079,0.7618163
46.7999989539385,0.04663063,0.2584006,0.7618181
46.8199989534914,0.04663178,0.2693694,0.7618197
46.8399989530444,0.04663294,0.2764142,0.7618214
46.8599989525974,0.04663409,0.279535,0.7618231
46.8799989521503,0.04663525,0.2787318,0.7618247
46.8999989517033,0.0466364,0.2740045,0.7618264
46.9199989512563,0.04663756,0.2653533,0.7618281
46.9399989508092,0.04663871,0.2527781,0.7618297
46.9599989503622,0.04663987,0.2362789,0.7618313
46.9799989499152,0.04664102,0.2158557,0.7618331
46.9999989494681,0.04664218,0.1915085,0.7618347
47.0199989490211,0.04664333,0.1632372,0.7618364
47.0399989485741,0.04664449,0.131042,0.7618381
47.059998948127,0.04664564,0.09492281,0.7618397
47.07999894768,0.0466468,0.05487961,0.7618414
47.099998947233,0.0466472,0.09445009,0.761842
47.1199989467859,0.0466476,0.1300966,0.7618424
47.1399989463389,0.046648,0.1618191,0.761843
47.1599989458919,0.0466484,0.1896175,0.7618435
47.1799989454448,0.0466488,0.213492,0.761844
47.1999989449978,0.0466492,0.2334425,0.7618446
47.2199989445508,0.04664959,0.249469,0.7618451
47.2399989441037,0.04664999,0.2615715,0.7618456
47.2599989436567,0.04665039,0.26975,0.7618462
47.2799989432096,0.04665079,0.2740045,0.7618468
47.2999989427626,0.04665119,0.2743349,0.7618473
47.3199989423156,0.04665159,0.2707414,0.7618478
47.3399989418685,0.04665199,0.2632239,0.7618483
47.3599989414215,0.04665238,0.2517824,0.7618489
47.3799989409745,0.04665278,0.2364169,0.7618494
47.3999989405274,0.04665318,0.2171274,0.76185
47.4199989400804,0.04665358,0.1939139,0.7618505
47.4399989396334,0.04665398,0.1667764,0.7618511
47.4599989391863,0.04665438,0.1357148,0.7618515
47.4799989387393,0.04665478,0.1007293,0.7618521
47.4999989382923,0.04665517,0.06181985,0.7618526
47.5199989378452,0.04665599,0.10037,0.7618538
47.5399989373982,0.04665681,0.1349961,0.7618549
47.5599989369512,0.04665763,0.1656983,0.7618561
47.5799989365041,0.04665844,0.1924765,0.7618572
47.5999989360571,0.04665925,0.2153306,0.7618583
47.6199989356101,0.04666007,0.2342608,0.7618594
47.639998935163,0.04666089,0.2492669,0.7618605
47.659998934716,0.0466617,0.2603491,0.7618617
47.679998934269,0.04666252,0.2675073,0.7618629
47.6999989338219,0.04666333,0.2707414,0.7618639
47.7199989333749,0.04666415,0.2700516,0.7618651
47.7399989329278,0.04666496,0.2654377,0.7618662
47.7599989324808,0.04666578,0.2568999,0.7618674
47.7799989320338,0.0466666,0.2444381,0.7618685
47.7999989315867,0.04666741,0.2280522,0.7618697
47.8199989311397,0.04666823,0.2077424,0.7618707
47.8399989306927,0.04666904,0.1835085,0.7618719
47.8599989302456,0.04666986,0.1553507,0.761873
47.8799989297986,0.04667068,0.1232689,0.7618742
47.8999989293516,0.04667149,0.08726303,0.7618753
47.9199989289045,0.04667258,0.07499874,0.7618768
47.9399989284575,0.04667372,0.07254587,0.7618784
47.9599989280105,0.04667488,0.0720553,0.76188
47.9799989275634,0.04667607,0.07195719,0.7618816
47.9999989271164,0.04667727,0.07193753,0.7618833
48.0199989266694,0.04667849,0.07193363,0.7618849
48.0399989262223,0.04667972,0.07193284,0.7618866
48.0599989257753,0.04668097,0.07193269,0.7618884
48.0799989253283,0.04668223,0.07193264,0.7618901
48.0999989248812,0.04668351,0.07193264,0.7618918
48.1199989244342,0.04668481,0.07193264,0.7618936
48.1399989239872,0.04668611,0.07193264,0.7618954
48.1599989235401,0.04668744,0.07193264,0.7618973
48.1799989230931,0.04668878,0.07193264,0.7618991
48.199998922646,0.04669014,0.07193264,0.761901
48.219998922199,0.04669151,0.07193264,0.7619029
48.239998921752,0.0466929,0.07193264,0.7619048
48.2599989213049,0.0466943,0.07193264,0.7619067
48.2799989208579,0.04669572,0.07193264,0.7619087
48.2999989204109,0.04669572,0.07193264,0.7619087
48.3199989199638,0.04669572,0.07193264,0.7619087
48.3399989195168,0.04669572,0.07193264,0.7619087
48.3599989190698,0.04669572,0.07193264,0.7619087
48.3799989186227,0.04669572,0.07193264,0.7619087
48.3999989181757,0.04669572,0.07193264,0.7619087
48.4199989177287,0.04669572,0.07193264,0.7619087
48.4399989172816,0.04669572,0.07193264,0.7619087
48.4599989168346,0.04669572,0.07193264,0.7619087
48.4799989163876,0.04669572,0.07193264,0.7619087
48.4999989159405,0.04669572,0.07193264,0.7619087
48.5199989154935,0.04669572,0.07193264,0.7619087
48.5399989150465,0.04669572,0.07193264,0.7619087
48.5599989145994,0.04669572,0.07193264,0.7619087
48.5799989141524,0.04669572,0.07193264,0.7619087
48.5999989137053,0.04669572,0.07193264,0.7619087
48.6199989132583,0.04669572,0.07193264,0.7619087
48.6399989128113,0.04669572,0.07193264,0.7619087
48.6599989123642,0.04669572,0.07193264,0.7619087
48.6799989119172,0.04669572,0.07193264,0.7619087
48.6999989114702,0.04669572,0.07193264,0.7619087
48.7199989110231,0.04669572,0.07193264,0.7619087
48.7399989105761,0.04669572,0.07193264,0.7619087
48.7599989101291,0.04669572,0.07193264,0.7619087
48.779998909682,0.04669572,0.07193264,0.7619087
48.799998909235,0.04669572,0.07193264,0.7619087
48.819998908788,0.04669572,0.07193264,0.7619087
48.8399989083409,0.04669572,0.07193264,0.7619087
48.8599989078939,0.04669572,0.07193264,0.7619087
48.8799989074469,0.04669572,0.07193264,0.7619087
48.8999989069998,0.04669572,0.07193264,0.7619087
48.9199989065528,0.04669572,0.07193264,0.7619087
48.9399989061058,0.04669572,0.07193264,0.7619087
48.9599989056587,0.04669572,0.07193264,0.7619087
48.9799989052117,0.04669572,0.07193264,0.7619087
48.9999989047647,0.04669572,0.07193264,0.7619087
49.0199989043176,0.04669572,0.07193264,0.7619087
49.0399989038706,0.04669572,0.07193264,0.7619087
49.0599989034235,0.04669572,0.07193264,0.7619087
49.0799989029765,0.04669572,0.07193264,0.7619087
49.0999989025295,0.04669572,0.07193264,0.7619087
49.1199989020824,0.04669572,0.07193264,0.7619087
49.1399989016354,0.04669572,0.07193264,0.7619087
49.1599989011884,0.04669572,0.07193264,0.7619087
49.1799989007413,0.04669572,0.07193264,0.7619087
49.1999989002943,0.04669572,0.07193264,0.7619087
49.2199988998473,0.04669572,0.07193264,0.7619087
49.2399988994002,0.04669572,0.07193264,0.7619087
49.2599988989532,0.04669572,0.07193264,0.7619087
49.2799988985062,0.04669572,0.07193264,0.7619087
49.2999988980591,0.04669572,0.07193264,0.7619087
49.3199988976121,0.04669572,0.07193264,0.7619087
49.3399988971651,0.04669572,0.07193264,0.7619087
49.359998896718,0.04669572,0.07193264,0.7619087
49.379998896271,0.04669572,0.07193264,0.7619087
49.399998895824,0.04669572,0.07193264,0.7619087
49.4199988953769,0.04669572,0.07193264,0.7619087
49.4399988949299,0.04669572,0.07193264,0.7619087
49.4599988944829,0.04669572,0.07193264,0.7619087
49.4799988940358,0.04669572,0.07193264,0.7619087
49.4999988935888,0.04669572,0.07193264,0.7619087
49.5199988931417,0.04669572,0.07193264,0.7619087
49.5399988926947,0.04669572,0.07193264,0.7619087
49.5599988922477,0.04669572,0.07193264,0.7619087
49.5799988918006,0.04669572,0.07193264,0.7619087
49.5999988913536,0.04669572,0.07193264,0.7619087
49.6199988909066,0.04669572,0.07193264,0.7619087
